panelist,samplekey,Floral,Fruity,Woody,Complexity,Malt,Sweet,Peaty,Dried_fruits,Aftertaste,date
1,000656,50,20,60,50,30,30,50,40,40,2023-01-12
1,000657,30,40,60,40,40,30,10,30,60,2023-01-12
1,000658,30,50,50,50,40,40,10,40,70,2023-01-12
1,000661,60,70,60,50,50,60,0,40,60,2023-01-12
1,000662,40,60,50,50,50,40,0,30,60,2023-01-12
1,000664,50,60,40,50,50,40,0,40,40,2023-01-12
1,000665,40,30,60,50,30,30,20,30,50,2023-01-12
1,000666,50,40,60,60,30,60,0,30,60,2023-01-12
1,000668,30,90,40,40,40,40,0,40,50,2023-01-12
1,000669,50,30,40,50,40,40,40,40,50,2023-01-12
1,000670,20,60,60,50,60,50,0,50,70,2023-01-12
1,000672,50,40,50,40,40,20,0,30,40,2023-01-12
1,000673,60,20,50,30,20,20,80,10,40,2023-01-12
1,000676,40,60,60,60,50,50,0,50,70,2023-01-12
1,000694,30,50,60,40,40,40,0,20,50,2023-01-12
1,000696,30,70,60,60,50,40,0,50,60,2023-01-12
1,000697,40,60,70,50,40,30,0,40,70,2023-01-12
1,000698,50,60,30,50,20,30,0,50,30,2023-01-12
1,000700,40,50,40,50,30,40,10,30,50,2023-01-12
1,000701,30,60,50,40,40,30,0,30,50,2023-01-12
1,000702,40,50,50,40,30,30,0,30,50,2023-01-12
1,000703,50,10,70,30,30,20,0,20,70,2023-01-12
1,000704,30,60,70,60,40,40,0,20,60,2023-01-12
1,000706,40,50,70,50,40,40,0,50,60,2023-01-12
1,000707,40,50,60,40,20,30,0,40,40,2023-01-12
1,000708,40,50,60,50,30,30,0,30,60,2023-01-12
1,000710,30,20,70,30,40,30,0,40,60,2023-01-12
1,000712,40,50,60,50,20,30,20,40,60,2023-01-12
1,000714,30,50,60,60,40,40,0,40,50,2023-01-12
1,000715,40,20,10,70,40,20,70,10,80,2023-01-12
1,000729,50,40,40,40,30,20,0,30,50,2023-01-12
1,000730,30,50,50,60,30,20,50,20,60,2023-01-12
1,000732,60,40,70,70,40,50,0,60,60,2023-01-12
1,000734,50,40,50,60,30,40,0,50,60,2023-01-12
1,000738,40,70,60,60,40,40,10,40,80,2023-01-12
1,000742,50,50,60,50,30,30,0,50,60,2023-01-12
1,000743,50,50,60,50,30,40,0,40,70,2023-01-12
1,000746,30,60,40,60,40,50,0,40,50,2023-01-12
1,000747,40,50,50,50,30,20,0,30,60,2023-01-12
1,000748,60,40,40,60,30,40,0,30,40,2023-01-12
1,000838,30,70,60,60,40,50,0,40,60,2023-01-12
1,000839,50,60,60,60,40,50,0,30,70,2023-01-12
1,000843,50,40,50,50,30,30,0,30,50,2023-01-12
1,000844,60,30,80,70,40,40,0,60,70,2023-01-12
1,000845,40,60,70,60,40,60,0,30,60,2023-01-12
1,000846,50,30,60,60,30,30,60,30,70,2023-01-12
1,000847,50,40,80,40,30,30,10,20,80,2023-01-12
1,000848,50,30,50,30,30,40,40,30,60,2023-01-12
1,000849,30,60,70,60,40,50,0,40,70,2023-01-12
1,000850,50,50,70,70,50,40,50,30,80,2023-01-12
1,000856,40,50,60,50,40,30,0,40,50,2023-01-12
1,000858,50,40,50,50,30,30,30,30,70,2023-01-12
1,000860,60,40,50,60,40,30,10,30,40,2023-01-12
1,000862,40,60,50,60,40,50,10,50,40,2023-01-12
1,000863,60,60,50,60,40,50,0,40,50,2023-01-12
1,000864,40,80,40,60,30,50,0,40,40,2023-01-12
1,000865,50,40,40,40,40,30,20,40,50,2023-01-12
1,000867,50,40,60,50,40,60,0,40,50,2023-01-12
1,000869,60,20,60,60,40,30,80,30,70,2023-01-12
1,000870,40,50,40,30,30,40,0,30,30,2023-01-12
1,000872,30,40,60,60,50,60,0,40,60,2023-01-12
1,000873,40,60,50,60,40,50,0,40,60,2023-01-12
1,000874,50,60,40,50,30,40,10,50,60,2023-01-12
1,000875,40,70,60,40,20,40,0,40,70,2023-01-12
1,000876,60,60,50,60,30,30,10,30,60,2023-01-12
1,000877,40,70,60,40,40,60,0,30,70,2023-01-12
1,000878,50,30,50,60,40,30,40,50,80,2023-01-12
1,000879,30,60,60,50,30,50,0,40,60,2023-01-12
1,000880,30,40,50,60,30,40,20,50,60,2023-01-12
1,000886,60,30,70,60,40,30,40,30,90,2023-01-12
1,000887,40,60,10,40,50,50,10,20,80,2023-01-12
1,000890,50,40,60,60,50,40,0,50,80,2023-01-12
1,000891,60,40,40,50,30,30,0,30,60,2023-01-12
1,000909,50,40,60,50,50,50,10,50,40,2023-01-12
1,000913,40,60,50,40,30,30,20,30,50,2023-01-12
1,000914,50,30,70,70,60,30,80,40,80,2023-01-12
1,000918,50,60,50,60,40,40,0,30,50,2023-01-12
1,000919,60,60,70,70,40,50,0,50,70,2023-01-12
1,000923,60,40,60,60,40,40,50,40,70,2023-01-12
1,000924,50,60,60,60,40,40,10,50,60,2023-01-12
1,000009,40,40,50,50,40,40,30,50,50,2023-01-12
1,000842,40,60,50,50,40,40,0,40,50,2023-01-12
1,000852,50,40,80,60,40,40,10,50,100,2023-01-12
1,000853,50,40,50,40,30,30,0,40,50,2023-01-12
1,000855,60,70,60,60,40,30,0,30,50,2023-01-12
1,000857,50,40,60,60,40,20,70,40,60,2023-01-12
1,000859,40,50,50,60,40,30,0,30,50,2023-01-12
1,000861,40,100,40,40,40,40,0,30,40,2023-01-12
1,000871,50,60,50,50,40,50,0,40,70,2023-01-12
1,000911,50,40,50,50,40,40,10,40,50,2023-01-12
1,000921,50,40,60,50,40,40,40,30,60,2023-01-12
1,000928,40,40,50,50,40,30,0,40,70,2023-01-12
1,000931,60,40,50,50,40,30,0,30,70,2023-01-12
1,000932,60,50,50,40,40,30,0,40,50,2023-01-12
1,M000367,40,40,60,60,40,30,40,40,70,2023-01-12
1,M000368,50,40,40,30,40,20,20,40,50,2023-01-12
1,M000369,40,40,40,40,30,30,0,30,60,2023-01-12
1,M000370,40,50,40,30,20,20,10,30,40,2023-01-12
1,M000371,30,30,40,40,30,30,10,30,50,2023-01-12
1,M000372,40,40,40,40,30,40,0,30,50,2023-01-12
1,M000373,50,60,50,50,40,40,0,30,70,2023-01-12
1,M000374,40,40,60,50,40,40,0,40,50,2023-01-12
1,M000375,40,40,60,40,40,30,10,30,50,2023-01-12
1,M000376,50,40,40,50,40,30,10,30,40,2023-01-12
1,M000377,40,40,40,40,40,20,10,40,40,2023-01-12
1,M000378,60,40,40,50,40,30,0,40,60,2023-01-12
1,M000379,40,40,70,50,40,40,30,40,70,2023-01-12
1,M000380,50,50,60,50,40,40,20,40,60,2023-01-12
1,M000381,50,50,60,50,40,40,0,40,50,2023-01-12
1,M000382,40,40,40,40,40,30,0,50,60,2023-01-12
1,M000383,40,40,60,50,40,40,20,30,50,2023-01-12
1,M000384,40,40,50,50,30,30,0,40,70,2023-01-12
1,M000385,50,40,40,30,30,20,10,30,50,2023-01-12
1,M000386,40,40,40,40,30,10,0,40,50,2023-01-12
1,M000387,60,50,50,40,40,30,0,40,50,2023-01-12
1,M000388,50,50,40,50,40,40,0,50,60,2023-01-12
1,M000389,40,40,50,40,40,30,0,40,50,2023-01-12
1,M000390,50,50,50,50,30,30,10,40,60,2023-01-12
1,M000391,50,60,60,50,30,40,10,40,50,2023-01-12
1,M000392,50,60,60,50,40,30,0,50,50,2023-01-12
1,M000393,30,40,60,60,60,50,0,30,60,2023-01-12
1,M000394,50,20,50,30,40,50,90,30,80,2023-01-12
1,M000395,50,20,50,60,40,40,20,30,50,2023-01-12
1,M000396,40,40,50,50,30,40,10,40,50,2023-01-12
1,M000397,40,70,50,50,30,40,0,20,60,2023-01-12
1,M000398,40,40,40,40,40,40,0,30,50,2023-01-12
1,M000399,40,50,40,50,30,30,0,40,50,2023-01-12
1,M000400,40,50,50,50,40,40,0,30,60,2023-01-12
1,M000401,30,40,60,50,30,30,0,40,60,2023-01-12
1,M000402,30,40,50,40,50,40,0,40,60,2023-01-12
2,000716,40,60,50,50,40,30,0,50,50,2023-01-12
2,000717,50,30,40,50,50,30,50,40,50,2023-01-12
2,000719,50,70,50,50,50,40,0,30,50,2023-01-12
2,000720,50,40,40,50,50,40,20,30,50,2023-01-12
2,000721,50,50,50,50,40,30,0,40,40,2023-01-12
2,000722,60,20,50,50,60,20,80,40,60,2023-01-12
2,000724,50,60,60,60,50,40,10,50,40,2023-01-12
2,000725,40,70,60,60,40,50,0,60,60,2023-01-12
2,000727,60,50,50,60,40,30,20,30,70,2023-01-12
2,000728,80,80,50,80,40,40,10,30,80,2023-01-12
2,000749,60,40,60,50,40,50,0,50,60,2023-01-12
2,000755,40,40,70,60,50,70,0,50,50,2023-01-12
2,000756,50,40,50,50,40,30,0,30,60,2023-01-12
2,000757,50,50,70,50,40,30,10,30,60,2023-01-12
2,000760,80,30,50,60,50,40,0,30,50,2023-01-12
2,000761,60,40,50,50,40,60,10,40,50,2023-01-12
2,000763,60,60,50,60,40,40,10,30,60,2023-01-12
2,000767,60,50,60,60,40,60,0,40,40,2023-01-12
2,000772,50,60,60,50,40,50,0,40,50,2023-01-12
2,000775,60,60,70,70,40,40,20,40,70,2023-01-12
2,000777,50,30,60,50,40,30,30,50,80,2023-01-12
2,000781,40,60,60,60,50,50,10,60,50,2023-01-12
2,000783,40,50,30,40,40,20,10,30,30,2023-01-12
2,000785,50,60,70,50,50,60,0,50,60,2023-01-12
2,000786,60,70,80,80,60,40,10,70,70,2023-01-12
2,000788,60,50,40,30,30,40,0,30,30,2023-01-12
2,000789,40,60,50,50,40,50,20,50,50,2023-01-12
2,000791,50,70,60,50,40,50,0,30,40,2023-01-12
2,000792,60,50,50,50,40,40,10,40,40,2023-01-12
2,000794,40,60,80,70,60,70,0,60,80,2023-01-12
2,000796,40,50,40,50,40,30,10,40,60,2023-01-12
2,000797,40,60,40,40,30,30,0,30,50,2023-01-12
2,000804,30,40,70,60,50,30,0,40,70,2023-01-12
2,000805,40,60,40,50,30,30,0,30,70,2023-01-12
2,000806,50,40,30,30,40,30,20,30,30,2023-01-12
2,000807,40,30,70,70,50,60,40,30,70,2023-01-12
2,000811,70,40,40,70,30,40,10,60,60,2023-01-12
2,000813,50,60,60,60,40,30,0,40,60,2023-01-12
2,000814,40,40,50,50,40,30,0,40,60,2023-01-12
2,000815,40,50,40,40,30,20,10,50,60,2023-01-12
2,000818,40,50,60,50,40,30,0,30,70,2023-01-12
2,000819,60,40,40,50,30,30,30,30,60,2023-01-12
2,000825,30,60,50,50,40,40,0,40,60,2023-01-12
2,000827,40,30,90,70,50,40,10,70,50,2023-01-12
2,000828,40,50,40,40,40,40,0,30,40,2023-01-12
2,000830,50,40,50,40,40,50,10,40,70,2023-01-12
2,000834,40,60,60,50,30,40,10,20,60,2023-01-12
2,000835,50,50,50,60,40,40,0,30,50,2023-01-12
2,000863,50,50,50,40,40,30,0,40,60,2023-01-12
2,000837,50,40,70,60,50,30,0,40,60,2023-01-12
2,000838,30,70,60,60,50,40,0,60,60,2023-01-12
2,000839,50,60,50,60,30,60,0,40,60,2023-01-12
2,000843,60,40,50,60,40,40,0,30,50,2023-01-12
2,000844,50,30,80,70,50,40,10,50,60,2023-01-12
2,000845,50,40,60,40,40,50,10,40,50,2023-01-12
2,000846,60,30,60,60,40,30,60,40,70,2023-01-12
2,000847,60,50,70,50,40,40,20,30,70,2023-01-12
2,000848,60,30,70,40,40,40,40,30,70,2023-01-12
2,000849,50,40,60,50,30,50,0,40,70,2023-01-12
2,000850,60,30,70,50,50,30,60,40,80,2023-01-12
2,000856,40,40,70,50,40,40,0,40,50,2023-01-12
2,000858,40,40,60,50,40,30,40,40,60,2023-01-12
2,000860,70,40,40,50,40,20,0,40,50,2023-01-12
2,000862,40,60,50,50,40,50,0,50,40,2023-01-12
2,000864,50,80,40,50,40,50,0,40,50,2023-01-12
2,000865,40,50,50,50,40,40,20,40,50,2023-01-12
2,000867,40,50,50,60,40,50,0,40,50,2023-01-12
2,000869,50,30,70,60,40,30,100,30,80,2023-01-12
2,000870,40,40,50,40,30,40,0,40,40,2023-01-12
2,000872,50,60,60,50,40,50,0,40,50,2023-01-12
2,000873,50,60,50,60,40,40,0,40,60,2023-01-12
2,000874,60,40,50,40,40,30,20,40,50,2023-01-12
2,000875,50,70,60,40,30,40,0,30,60,2023-01-12
2,000876,60,60,50,50,30,30,10,40,50,2023-01-12
2,000877,50,70,60,60,60,50,0,30,70,2023-01-12
2,000878,70,40,60,60,40,30,40,40,70,2023-01-12
2,000879,50,50,50,50,40,50,0,40,40,2023-01-12
2,000880,40,40,60,50,40,30,10,40,60,2023-01-12
2,000886,60,30,60,60,40,40,40,30,90,2023-01-12
2,000887,40,60,20,50,40,50,0,40,80,2023-01-12
2,000890,40,40,70,70,40,40,10,50,80,2023-01-12
2,000891,50,40,40,40,30,30,0,40,60,2023-01-12
2,000909,40,50,60,60,50,40,20,50,50,2023-01-12
2,000913,40,60,50,40,40,30,20,40,50,2023-01-12
2,000914,40,40,70,60,50,30,70,40,80,2023-01-12
2,000918,40,60,50,50,40,30,10,40,60,2023-01-12
2,000919,50,50,80,70,50,40,10,40,70,2023-01-12
2,000923,40,40,50,60,40,30,60,40,70,2023-01-12
2,000924,50,70,50,50,40,40,0,30,50,2023-01-12
2,000009,50,60,60,60,40,50,10,60,50,2023-01-12
2,000842,40,60,50,50,30,40,0,30,40,2023-01-12
2,000852,60,40,80,60,50,40,0,50,90,2023-01-12
2,000853,40,40,50,40,30,30,10,30,40,2023-01-12
2,000855,50,70,60,60,40,40,10,40,60,2023-01-12
2,000857,70,30,60,60,50,30,70,30,60,2023-01-12
2,000859,40,60,40,50,40,40,10,30,60,2023-01-12
2,000861,40,70,50,40,30,50,0,30,40,2023-01-12
2,000871,60,50,60,50,50,50,0,50,70,2023-01-12
2,000911,60,50,70,60,50,50,10,50,60,2023-01-12
2,000921,50,30,50,50,40,40,40,30,50,2023-01-12
2,000928,30,50,60,60,30,20,0,40,70,2023-01-12
2,000931,70,30,50,60,30,30,0,30,70,2023-01-12
2,000932,40,50,60,40,30,40,0,40,50,2023-01-12
2,M000367,40,50,60,70,40,40,40,40,70,2023-01-12
2,M000368,40,40,50,30,30,20,20,30,60,2023-01-12
2,M000369,60,20,60,20,20,20,0,20,60,2023-01-12
2,M000370,40,40,50,40,30,20,0,30,40,2023-01-12
2,M000371,50,40,50,50,30,40,0,40,50,2023-01-12
2,M000372,50,30,50,40,30,40,0,30,50,2023-01-12
2,M000373,50,50,60,50,40,40,0,30,50,2023-01-12
2,M000374,40,40,50,30,30,40,0,30,40,2023-01-12
2,M000375,40,30,40,40,30,40,0,30,50,2023-01-12
2,M000376,50,30,50,50,30,20,10,30,40,2023-01-12
2,M000377,50,50,40,40,30,30,10,30,50,2023-01-12
2,M000378,50,30,60,50,30,50,0,40,50,2023-01-12
2,M000379,50,30,60,50,40,40,30,30,60,2023-01-12
2,M000380,50,50,50,50,40,40,10,40,50,2023-01-12
2,M000381,50,30,50,50,30,30,0,40,50,2023-01-12
2,M000382,40,40,40,40,30,40,0,40,50,2023-01-12
2,M000383,40,30,60,50,40,50,20,30,60,2023-01-12
2,M000384,40,30,60,40,30,30,0,30,60,2023-01-12
2,M000385,40,50,50,30,30,20,0,20,70,2023-01-12
2,M000386,50,40,50,40,30,20,0,40,60,2023-01-12
2,M000387,60,40,50,50,30,20,0,50,60,2023-01-12
2,M000388,50,50,50,50,40,40,0,50,50,2023-01-12
2,M000389,50,40,50,60,30,30,0,30,50,2023-01-12
2,M000390,50,40,60,40,30,20,0,30,50,2023-01-12
2,M000391,60,50,50,60,30,50,0,40,60,2023-01-12
2,M000392,60,40,50,50,30,30,0,40,60,2023-01-12
2,M000393,40,60,60,50,40,40,0,40,50,2023-01-12
2,M000394,50,30,60,50,50,60,80,40,60,2023-01-12
2,M000395,40,30,40,40,40,30,10,50,50,2023-01-12
2,M000396,40,50,40,40,30,50,10,40,50,2023-01-12
2,M000397,50,70,50,50,40,40,0,40,60,2023-01-12
2,M000398,40,40,50,50,50,40,0,40,50,2023-01-12
2,M000399,40,50,40,50,40,30,0,50,50,2023-01-12
2,M000400,50,60,50,60,50,40,10,40,50,2023-01-12
2,M000401,40,50,40,60,40,40,10,50,50,2023-01-12
2,M000402,40,40,50,40,40,40,0,40,50,2023-01-12
3,000656,50,30,60,40,30,30,40,30,40,2023-01-12
3,000657,40,50,50,40,30,30,10,40,50,2023-01-12
3,000658,40,50,50,40,40,40,10,50,60,2023-01-12
3,000661,40,60,50,40,40,40,0,30,50,2023-01-12
3,000662,40,60,40,50,40,40,0,40,50,2023-01-12
3,000664,50,50,50,50,40,30,10,40,40,2023-01-12
3,000665,40,50,50,40,30,30,10,40,50,2023-01-12
3,000666,40,50,50,40,30,40,0,40,50,2023-01-12
3,000668,40,70,40,50,30,40,0,50,50,2023-01-12
3,000669,40,40,40,50,30,30,40,40,50,2023-01-12
3,000670,40,50,70,50,40,40,0,40,70,2023-01-12
3,000672,40,60,40,60,30,40,0,20,40,2023-01-12
3,000673,40,20,40,30,20,20,70,20,40,2023-01-12
3,000676,30,80,60,60,40,50,0,50,60,2023-01-12
3,000694,50,40,60,50,30,40,10,30,50,2023-01-12
3,000696,40,60,60,60,30,20,0,50,70,2023-01-12
3,000697,50,60,70,50,40,40,0,30,60,2023-01-12
3,000698,40,60,40,40,30,30,0,30,50,2023-01-12
3,000700,30,60,40,40,30,40,0,40,50,2023-01-12
3,000701,30,50,50,50,30,30,0,30,50,2023-01-12
3,000702,50,30,60,60,30,40,0,30,50,2023-01-12
3,000703,40,30,70,40,30,20,10,20,60,2023-01-12
3,000704,40,70,70,60,30,40,0,20,70,2023-01-12
3,000706,50,30,70,50,30,40,0,30,60,2023-01-12
3,000707,50,50,40,40,20,30,0,30,40,2023-01-12
3,000708,30,30,60,30,20,40,0,20,60,2023-01-12
3,000710,30,30,60,30,30,40,0,20,60,2023-01-12
3,000712,40,50,70,60,30,40,30,30,70,2023-01-12
3,000714,40,60,50,50,30,40,0,30,60,2023-01-12
3,000715,20,40,20,80,50,20,80,10,80,2023-01-12
3,000716,40,60,60,60,50,30,0,40,60,2023-01-12
3,000717,60,30,50,30,30,30,40,40,50,2023-01-12
3,000719,40,70,60,60,40,50,0,20,40,2023-01-12
3,000720,40,50,50,60,50,40,10,30,50,2023-01-12
3,000721,60,40,60,50,30,40,0,30,50,2023-01-12
3,000722,40,30,60,40,50,30,70,30,70,2023-01-12
3,000724,40,40,70,50,30,20,0,50,60,2023-01-12
3,000725,30,60,80,60,40,40,0,50,80,2023-01-12
3,000727,50,50,60,60,40,20,10,40,60,2023-01-12
3,000728,70,70,60,80,30,40,0,40,80,2023-01-12
3,000729,40,50,50,50,40,30,0,40,60,2023-01-12
3,000730,40,40,50,50,30,30,50,30,50,2023-01-12
3,000732,60,50,50,60,30,40,0,60,60,2023-01-12
3,000734,40,40,50,50,40,30,0,50,50,2023-01-12
3,000738,40,70,50,50,30,30,0,40,70,2023-01-12
3,000742,40,50,60,50,30,30,0,40,60,2023-01-12
3,000743,50,50,50,50,40,40,0,40,70,2023-01-12
3,000746,40,50,50,60,40,40,0,40,50,2023-01-12
3,000747,40,50,60,50,40,30,0,40,50,2023-01-12
3,000748,50,50,40,60,30,30,10,40,50,2023-01-12
3,000749,60,40,60,50,40,40,0,40,70,2023-01-12
3,000755,40,40,60,50,40,70,0,40,50,2023-01-12
3,000756,40,40,60,50,40,40,10,40,60,2023-01-12
3,000757,50,50,60,40,30,30,0,40,60,2023-01-12
3,000760,70,40,60,50,50,30,10,30,50,2023-01-12
3,000761,50,40,50,40,40,60,10,40,50,2023-01-12
3,000763,50,40,50,50,40,40,0,40,60,2023-01-12
3,000767,50,60,60,60,40,40,0,40,50,2023-01-12
3,000772,40,50,50,50,40,40,0,50,60,2023-01-12
3,000775,50,50,60,60,40,40,10,40,80,2023-01-12
3,000777,50,40,60,60,50,30,30,50,70,2023-01-12
3,000781,40,50,50,60,40,40,0,50,60,2023-01-12
3,000783,40,50,40,40,30,20,0,40,40,2023-01-12
3,000785,50,50,50,50,40,50,10,50,50,2023-01-12
3,000786,50,60,70,70,40,30,0,50,70,2023-01-12
3,000788,50,60,30,40,30,30,0,40,40,2023-01-12
3,000789,50,50,40,40,30,40,0,40,40,2023-01-12
3,000791,50,70,60,50,30,40,10,40,50,2023-01-12
3,000792,50,50,40,50,40,40,0,40,50,2023-01-12
3,000794,40,60,80,60,40,60,10,60,80,2023-01-12
3,000796,50,40,50,50,40,40,20,40,50,2023-01-12
3,000797,50,40,40,40,30,40,0,40,50,2023-01-12
3,000804,40,50,70,60,50,40,0,40,60,2023-01-12
3,000805,50,70,40,50,40,40,10,30,60,2023-01-12
3,000806,40,50,30,20,30,30,0,20,20,2023-01-12
3,000807,40,40,50,60,40,60,50,40,60,2023-01-12
3,000811,80,40,40,70,30,40,0,50,70,2023-01-12
3,000813,50,50,50,50,40,30,0,50,50,2023-01-12
3,000814,40,50,50,50,40,30,0,50,60,2023-01-12
3,000815,50,50,30,40,20,30,0,40,50,2023-01-12
3,000818,40,40,50,50,40,40,10,40,70,2023-01-12
3,000819,50,40,50,50,40,40,40,40,60,2023-01-12
3,000825,40,40,70,50,30,30,0,40,50,2023-01-12
3,000827,40,40,100,60,50,30,10,60,60,2023-01-12
3,000828,40,50,40,40,40,40,0,40,40,2023-01-12
3,000830,40,50,50,50,40,40,0,40,60,2023-01-12
3,000834,40,60,70,60,40,50,0,40,60,2023-01-12
3,000835,40,40,50,50,40,40,0,40,50,2023-01-12
3,000863,40,50,60,50,40,40,0,40,50,2023-01-12
3,000837,40,40,70,60,40,30,10,40,70,2023-01-12
3,000838,50,70,60,60,50,40,0,50,60,2023-01-12
3,000839,40,50,40,40,40,40,0,40,50,2023-01-12
3,000843,60,40,50,60,40,30,10,40,50,2023-01-12
3,000844,50,40,80,80,50,40,10,60,60,2023-01-12
3,000845,40,50,60,50,40,50,0,40,60,2023-01-12
3,000846,50,40,60,70,50,40,60,40,70,2023-01-12
3,000847,60,50,70,50,40,30,20,40,60,2023-01-12
3,000848,40,30,60,60,40,50,40,30,60,2023-01-12
3,000849,40,40,50,60,40,40,0,50,60,2023-01-12
3,000850,50,40,60,60,50,30,50,40,80,2023-01-12
3,000872,40,50,50,40,40,40,0,40,70,2023-01-12
3,000873,40,50,50,50,50,50,10,50,50,2023-01-12
3,000874,50,50,60,40,30,30,20,40,50,2023-01-12
3,000875,30,70,50,50,40,30,10,40,50,2023-01-12
3,000876,50,70,50,50,40,40,0,50,40,2023-01-12
3,000877,40,70,50,60,60,50,10,40,70,2023-01-12
3,000878,50,40,60,50,50,30,40,40,70,2023-01-12
3,000879,30,40,40,40,30,40,0,30,50,2023-01-12
3,000880,40,50,70,60,40,40,20,40,60,2023-01-12
3,000886,40,40,70,60,40,40,30,30,90,2023-01-12
3,M000373,40,60,70,50,30,50,0,40,60,2023-01-12
3,M000374,50,30,50,40,30,20,0,30,40,2023-01-12
3,M000375,50,30,60,40,30,20,0,30,50,2023-01-12
3,M000376,50,40,40,60,30,40,10,30,60,2023-01-12
3,M000377,50,40,50,40,30,30,0,30,60,2023-01-12
3,M000378,40,50,50,50,30,40,0,40,60,2023-01-12
3,M000379,50,40,60,60,40,50,30,40,60,2023-01-12
3,M000380,40,40,50,50,30,30,10,50,50,2023-01-12
3,M000381,60,40,60,60,30,40,0,50,60,2023-01-12
3,M000382,50,40,40,40,30,30,0,40,60,2023-01-12
3,M000393,40,60,70,50,50,50,0,40,50,2023-01-12
3,M000394,60,30,50,50,30,50,80,30,60,2023-01-12
3,M000395,50,40,50,50,40,30,10,40,70,2023-01-12
3,M000396,40,60,50,50,50,60,10,40,60,2023-01-12
3,M000397,50,80,50,60,40,50,0,30,40,2023-01-12
3,M000398,40,50,50,50,40,40,10,50,50,2023-01-12
3,M000399,40,50,60,60,40,30,10,40,50,2023-01-12
3,M000400,60,60,50,60,40,50,20,40,50,2023-01-12
3,M000401,40,60,50,50,40,30,10,40,60,2023-01-12
3,M000402,40,50,60,50,40,50,0,40,60,2023-01-12
4,000656,40,30,40,40,30,30,40,30,40,2023-01-12
4,000657,40,30,50,50,30,30,10,40,60,2023-01-12
4,000658,30,30,40,40,30,30,10,40,50,2023-01-12
4,000661,40,50,50,50,30,30,0,50,60,2023-01-12
4,000662,40,50,40,40,50,40,0,40,40,2023-01-12
4,000664,40,50,30,30,40,30,0,40,30,2023-01-12
4,000665,30,30,40,30,30,30,20,20,30,2023-01-12
4,000666,30,40,60,40,40,40,0,20,40,2023-01-12
4,000668,40,70,30,40,20,30,0,20,40,2023-01-12
4,000669,50,30,40,40,30,20,40,30,50,2023-01-12
4,000670,50,50,50,50,40,40,10,50,60,2023-01-12
4,000672,40,40,40,40,30,30,0,30,40,2023-01-12
4,000673,40,30,30,40,30,40,70,30,40,2023-01-12
4,000676,40,70,40,60,40,40,0,50,50,2023-01-12
4,000694,40,50,50,50,40,30,10,30,50,2023-01-12
4,000696,40,50,60,50,40,30,0,60,60,2023-01-12
4,000697,40,60,60,50,40,40,10,40,60,2023-01-12
4,000698,50,80,30,40,30,30,0,40,50,2023-01-12
4,000700,50,60,40,40,30,40,0,40,50,2023-01-12
4,000701,40,60,40,50,40,40,0,40,60,2023-01-12
4,000702,40,40,60,50,30,30,0,40,50,2023-01-12
4,000703,40,30,60,50,30,20,0,30,60,2023-01-12
4,000704,40,60,60,50,40,30,0,30,60,2023-01-12
4,000706,40,40,60,40,30,30,10,40,50,2023-01-12
4,000707,30,40,40,30,20,20,0,30,30,2023-01-12
4,000708,40,40,50,40,30,30,0,30,50,2023-01-12
4,000710,30,30,60,40,30,20,0,40,50,2023-01-12
4,000712,40,50,60,50,30,30,20,40,60,2023-01-12
4,000714,30,40,50,50,30,30,0,40,70,2023-01-12
4,000715,30,30,30,60,40,20,70,30,70,2023-01-12
4,000716,40,40,60,50,40,30,0,40,40,2023-01-12
4,000717,50,40,50,40,30,30,40,40,50,2023-01-12
4,000719,50,60,60,50,40,40,0,30,60,2023-01-12
4,000720,50,40,40,50,50,40,10,40,50,2023-01-12
4,000721,50,60,50,50,30,30,10,40,50,2023-01-12
4,000722,50,30,50,50,50,30,70,30,50,2023-01-12
4,000724,40,50,60,60,40,30,10,60,60,2023-01-12
4,000725,40,60,50,50,40,50,0,60,60,2023-01-12
4,000727,60,50,50,50,40,30,10,40,70,2023-01-12
4,000728,60,90,50,80,40,40,0,40,70,2023-01-12
4,000729,40,50,50,40,30,40,0,40,40,2023-01-12
4,000730,50,30,30,40,30,30,50,30,50,2023-01-12
4,000732,50,40,50,50,30,40,0,50,40,2023-01-12
4,000734,30,30,50,40,50,40,0,50,40,2023-01-12
4,000738,50,60,50,50,40,30,0,40,70,2023-01-12
4,000742,40,40,60,50,30,30,0,40,50,2023-01-12
4,000743,50,50,50,50,40,30,0,30,70,2023-01-12
4,000746,40,50,20,50,30,30,0,30,50,2023-01-12
4,000747,40,60,40,60,30,30,0,30,50,2023-01-12
4,000748,50,50,40,50,30,40,0,30,50,2023-01-12
4,000749,60,30,70,60,40,40,0,40,70,2023-01-12
4,000755,40,60,70,60,40,60,0,40,60,2023-01-12
4,000756,30,60,50,60,30,40,0,30,60,2023-01-12
4,000757,30,70,70,60,30,40,0,30,70,2023-01-12
4,000760,80,40,60,70,50,30,0,30,50,2023-01-12
4,000761,40,50,60,50,30,50,0,30,50,2023-01-12
4,000763,50,40,40,40,30,40,0,40,60,2023-01-12
4,000767,50,60,50,60,40,40,0,40,50,2023-01-12
4,000772,50,50,50,60,30,40,0,40,50,2023-01-12
4,000775,40,40,60,60,30,40,10,30,70,2023-01-12
4,000777,60,20,60,60,40,30,40,30,70,2023-01-12
4,000781,40,60,60,60,50,40,0,50,60,2023-01-12
4,000783,30,60,50,50,50,20,0,30,40,2023-01-12
4,000785,40,50,40,50,40,50,0,50,60,2023-01-12
4,000786,50,70,80,80,50,50,0,60,80,2023-01-12
4,000788,50,50,40,40,40,40,0,40,40,2023-01-12
4,000789,50,40,50,50,30,40,0,30,50,2023-01-12
4,000791,60,60,70,60,40,40,0,40,60,2023-01-12
4,000792,40,40,50,40,30,30,0,30,40,2023-01-12
4,000794,40,50,70,60,40,50,0,50,80,2023-01-12
4,000796,30,40,40,40,40,30,30,30,40,2023-01-12
4,000797,40,40,30,50,30,30,0,50,50,2023-01-12
4,000804,40,40,60,50,40,40,0,40,50,2023-01-12
4,000805,40,60,30,40,30,40,0,30,60,2023-01-12
4,000806,40,40,30,30,30,30,0,30,30,2023-01-12
4,000807,50,30,50,60,40,50,60,40,70,2023-01-12
4,000811,70,30,40,80,40,40,0,60,60,2023-01-12
4,000813,40,60,50,50,30,40,0,30,50,2023-01-12
4,000814,50,50,40,40,50,50,0,30,40,2023-01-12
4,000815,40,40,30,30,30,20,0,40,40,2023-01-12
4,000818,30,60,70,60,40,30,0,30,80,2023-01-12
4,000819,50,30,50,60,30,40,40,30,70,2023-01-12
4,000825,40,40,60,60,40,50,0,40,60,2023-01-12
4,000827,50,30,90,80,50,50,0,70,70,2023-01-12
4,000828,40,60,40,40,30,30,0,30,40,2023-01-12
4,000830,40,40,50,40,30,40,0,30,60,2023-01-12
4,000834,40,60,60,50,30,50,0,40,60,2023-01-12
4,000835,50,30,40,40,30,40,0,30,50,2023-01-12
4,000863,50,50,40,50,30,40,0,30,40,2023-01-12
4,000837,50,40,80,70,40,40,0,30,60,2023-01-12
4,000856,40,40,50,40,40,30,0,50,40,2023-01-12
4,000858,40,50,40,50,40,40,20,30,50,2023-01-12
4,000860,60,40,40,50,40,40,10,40,50,2023-01-12
4,000862,40,40,50,40,30,40,0,40,30,2023-01-12
4,000864,40,60,40,40,30,30,0,30,40,2023-01-12
4,000865,40,40,40,50,40,20,20,30,50,2023-01-12
4,000867,50,40,50,40,30,40,0,30,40,2023-01-12
4,000869,40,20,50,50,40,20,80,30,70,2023-01-12
4,000870,50,40,40,30,30,40,0,30,40,2023-01-12
4,000887,40,50,10,30,40,40,0,40,60,2023-01-12
4,000890,40,40,50,50,40,40,0,50,60,2023-01-12
4,000891,50,30,30,40,30,30,0,30,60,2023-01-12
4,000909,40,40,50,50,40,40,10,40,50,2023-01-12
4,000913,40,40,40,40,30,30,20,40,50,2023-01-12
4,000914,40,30,50,60,50,30,70,30,70,2023-01-12
4,000918,40,60,50,50,40,40,0,40,60,2023-01-12
4,000919,50,50,60,60,40,40,0,50,50,2023-01-12
4,000923,50,40,40,50,30,40,40,30,40,2023-01-12
4,000924,40,50,60,50,40,40,0,30,50,2023-01-12
4,000009,40,40,50,50,30,40,30,50,50,2023-01-12
4,000842,50,60,40,40,40,40,0,30,40,2023-01-12
4,000852,50,40,70,60,50,50,0,50,70,2023-01-12
4,000853,50,40,40,50,30,40,0,40,50,2023-01-12
4,000855,50,70,40,40,30,40,0,20,40,2023-01-12
4,000857,50,50,50,50,40,40,50,40,50,2023-01-12
4,000859,40,50,50,50,40,40,0,30,50,2023-01-12
4,000861,50,70,40,30,40,40,0,30,40,2023-01-12
4,000871,40,40,50,40,40,40,10,40,50,2023-01-12
4,000911,50,40,50,50,40,40,0,40,50,2023-01-12
4,000921,60,40,60,50,30,40,40,30,60,2023-01-12
4,000928,50,40,50,50,30,40,0,30,50,2023-01-12
4,000931,60,40,50,60,30,40,0,40,50,2023-01-12
4,000932,60,50,50,40,30,30,0,30,40,2023-01-12
4,M000367,40,30,50,50,40,40,50,40,60,2023-01-12
4,M000368,40,50,40,40,40,30,20,30,40,2023-01-12
4,M000369,40,40,40,30,30,30,0,30,40,2023-01-12
4,M000370,30,30,50,40,30,30,20,30,50,2023-01-12
4,M000371,40,40,50,50,30,30,10,30,40,2023-01-12
4,M000372,40,50,50,40,30,40,0,30,40,2023-01-12
4,M000383,50,40,60,50,30,40,10,30,70,2023-01-12
4,M000384,50,40,40,40,40,20,0,30,50,2023-01-12
4,M000385,60,40,50,50,40,30,20,30,50,2023-01-12
4,M000386,40,40,40,40,30,30,10,30,50,2023-01-12
4,M000387,60,40,50,40,30,30,0,30,50,2023-01-12
4,M000388,50,50,40,40,30,40,0,40,50,2023-01-12
4,M000389,40,50,50,50,30,40,0,30,40,2023-01-12
4,M000390,50,40,50,40,30,40,0,40,50,2023-01-12
4,M000391,60,40,50,60,30,40,0,30,50,2023-01-12
4,M000392,50,40,50,40,30,30,0,50,50,2023-01-12
1,000005,30,50,60,50,40,50,10,40,50,2022-11-08
1,000006,20,40,50,50,30,40,0,40,60,2022-11-08
1,000010,40,40,60,40,40,40,0,30,60,2022-11-08
1,000011,40,40,50,50,20,30,0,40,40,2022-11-08
1,000426,50,40,30,50,40,40,0,40,50,2022-11-08
1,000428,50,40,70,50,40,40,0,30,60,2022-11-08
1,000427,40,60,30,50,30,40,0,30,40,2022-11-08
1,000430,40,50,60,50,40,40,0,40,50,2022-11-08
1,000431,30,50,50,50,40,40,0,40,50,2022-11-08
1,000432,40,40,50,40,30,40,0,30,40,2022-11-08
1,000434,20,50,60,30,30,30,20,30,40,2022-11-08
1,000435,30,30,30,40,40,40,0,40,50,2022-11-08
1,000436,50,20,40,30,20,20,0,30,40,2022-11-08
1,000438,10,20,50,40,20,20,0,20,40,2022-11-08
1,000439,40,40,40,60,20,20,0,50,60,2022-11-08
1,000441,50,40,30,50,20,30,0,30,50,2022-11-08
1,000444,60,40,50,60,40,30,20,30,70,2022-11-08
1,000445,50,70,40,70,50,60,0,40,60,2022-11-08
1,000447,40,50,40,40,40,40,0,40,50,2022-11-08
1,000450,40,60,40,60,30,50,0,30,50,2022-11-08
1,000481,40,60,60,60,40,40,10,30,50,2022-11-08
1,000484,50,30,70,40,10,10,10,30,60,2022-11-08
1,000488,60,30,60,40,20,20,20,20,50,2022-11-08
1,000489,30,50,50,50,40,20,0,50,40,2022-11-08
1,000490,40,50,60,30,40,30,0,30,40,2022-11-08
1,000491,50,50,70,40,40,40,0,50,60,2022-11-08
1,000492,40,50,50,40,30,30,0,40,50,2022-11-08
1,000493,40,50,50,50,40,50,0,40,60,2022-11-08
1,000494,40,60,50,60,50,40,0,50,50,2022-11-08
1,000496,50,60,50,60,50,50,0,40,60,2022-11-08
1,000499,40,50,40,50,30,30,0,40,40,2022-11-08
1,000501,60,50,60,50,40,30,50,50,70,2022-11-08
1,000503,40,50,50,50,50,50,10,40,50,2022-11-08
1,000504,70,60,60,70,40,40,0,50,70,2022-11-08
1,000505,30,60,50,60,30,30,0,30,60,2022-11-08
1,000506,30,60,60,50,60,50,0,50,60,2022-11-08
1,000507,50,30,60,50,30,30,0,50,50,2022-11-08
1,000510,70,50,80,70,60,60,0,40,80,2022-11-08
1,000508,40,60,20,50,20,30,0,40,30,2022-11-08
1,000511,60,40,40,50,20,50,0,40,40,2022-11-08
1,000512,40,50,50,60,50,60,0,50,50,2022-11-08
1,000513,50,60,30,50,30,50,10,30,50,2022-11-08
1,000515,60,20,30,60,30,20,50,20,50,2022-11-08
1,000516,50,70,50,50,20,40,0,20,70,2022-11-08
1,000517,50,20,30,40,20,20,30,30,50,2022-11-08
1,000518,20,30,60,60,30,40,0,20,60,2022-11-08
1,000519,50,30,50,70,30,40,30,20,70,2022-11-08
1,000520,60,60,20,60,20,50,0,20,50,2022-11-08
1,000524,50,40,60,70,30,40,0,30,70,2022-11-08
1,000525,30,60,50,60,30,30,0,40,60,2022-11-08
1,000527,50,60,30,60,30,50,20,20,70,2022-11-08
1,000528,40,30,40,50,30,50,40,50,50,2022-11-08
1,000529,30,50,60,60,40,60,0,50,50,2022-11-08
1,000530,60,30,40,50,20,40,0,40,60,2022-11-08
1,000531,40,40,50,60,50,40,0,40,50,2022-11-08
1,000534,50,20,20,40,20,30,30,30,40,2022-11-08
1,000535,40,50,40,50,30,20,20,30,50,2022-11-08
1,000536,30,50,70,50,60,60,0,50,60,2022-11-08
1,000537,40,30,30,30,20,40,0,30,40,2022-11-08
1,000538,40,40,40,50,30,30,0,30,40,2022-11-08
1,000563,30,60,40,60,20,30,50,40,60,2022-11-08
1,000564,30,60,60,60,30,30,0,30,60,2022-11-08
1,000565,30,50,80,50,50,40,0,60,70,2022-11-08
1,000569,20,70,70,20,30,40,0,50,50,2022-11-08
1,000575,60,20,60,50,30,30,10,30,70,2022-11-08
1,000578,30,50,70,40,40,30,0,30,60,2022-11-08
1,000579,30,40,60,40,30,30,0,20,60,2022-11-08
1,000580,30,40,50,40,30,30,0,30,70,2022-11-08
1,000581,30,60,50,50,40,30,0,30,70,2022-11-08
1,000548,30,40,60,50,40,30,0,30,60,2022-11-08
1,000586,20,60,60,60,50,50,10,60,70,2022-11-08
1,000588,50,30,50,40,30,30,10,30,40,2022-11-08
1,000590,60,20,40,50,30,30,70,40,70,2022-11-08
1,000591,60,40,40,40,30,30,0,40,40,2022-11-08
1,000595,30,40,60,50,50,40,0,60,80,2022-11-08
1,000598,50,20,40,50,30,30,30,20,50,2022-11-08
1,000605,70,20,40,60,30,20,50,30,70,2022-11-08
1,000606,50,50,60,50,40,30,0,40,60,2022-11-08
1,000607,40,80,20,50,30,20,0,20,30,2022-11-08
1,000611,50,70,30,50,30,50,0,20,50,2022-11-08
1,000617,40,50,50,60,40,40,50,50,60,2022-11-08
1,000618,60,20,70,70,20,20,0,30,80,2022-11-08
1,000619,70,70,60,70,30,60,0,20,70,2022-11-08
1,000622,30,60,50,60,20,40,10,20,40,2022-11-08
1,000627,50,50,50,40,40,30,0,40,50,2022-11-08
1,000628,50,80,50,70,50,50,0,20,60,2022-11-08
1,000629,60,30,70,40,40,30,70,30,60,2022-11-08
1,000632,30,40,70,50,40,30,0,40,70,2022-11-08
1,000633,30,40,90,40,40,40,30,40,80,2022-11-08
2,000005,40,40,60,50,30,40,20,30,40,2022-11-08
2,000006,30,50,40,40,20,40,0,30,50,2022-11-08
2,000010,50,30,40,30,30,30,10,20,40,2022-11-08
2,000011,30,40,50,40,30,40,10,40,50,2022-11-08
2,000426,50,30,30,40,30,40,0,30,40,2022-11-08
2,000428,30,30,60,30,30,20,0,20,60,2022-11-08
2,000427,40,40,50,40,30,40,10,30,50,2022-11-08
2,000430,40,60,60,60,40,40,0,30,60,2022-11-08
2,000431,40,50,50,50,30,40,0,30,60,2022-11-08
2,000432,40,40,60,50,30,20,0,30,50,2022-11-08
2,000434,30,50,40,50,30,50,30,30,40,2022-11-08
2,000435,30,40,50,40,20,30,0,30,40,2022-11-08
2,000436,40,40,20,30,20,20,0,20,30,2022-11-08
2,000438,30,40,40,40,20,20,0,20,40,2022-11-08
2,000439,40,40,50,50,30,30,0,60,60,2022-11-08
2,000441,40,30,40,30,30,40,0,20,30,2022-11-08
2,000444,50,40,60,50,20,30,10,20,60,2022-11-08
2,000445,30,50,40,80,30,50,10,30,50,2022-11-08
2,000447,60,30,40,50,30,30,0,20,40,2022-11-08
2,000450,30,60,40,50,30,50,0,30,40,2022-11-08
2,000451,40,60,40,50,30,50,0,40,50,2022-11-08
2,000452,30,30,40,30,30,30,0,20,40,2022-11-08
2,000473,60,50,60,50,40,40,10,50,60,2022-11-08
2,000474,50,40,60,60,40,30,0,40,70,2022-11-08
2,000475,50,40,50,40,30,30,0,30,30,2022-11-08
2,000476,40,60,50,40,40,50,0,30,40,2022-11-08
2,000477,50,40,40,40,30,40,10,30,40,2022-11-08
2,000478,60,20,50,50,40,20,60,30,50,2022-11-08
2,000479,50,60,50,40,30,40,0,30,30,2022-11-08
2,000480,50,50,50,60,40,50,0,50,60,2022-11-08
2,000481,10,40,40,40,20,40,20,20,40,2022-11-08
2,000484,30,20,40,30,30,40,0,30,40,2022-11-08
2,000488,40,30,50,50,20,30,30,20,50,2022-11-08
2,000489,30,50,30,40,20,20,10,20,50,2022-11-08
2,000490,30,50,30,40,30,30,0,20,50,2022-11-08
2,000491,30,30,50,40,30,30,10,20,60,2022-11-08
2,000492,50,50,30,50,30,50,0,30,60,2022-11-08
2,000493,40,40,20,40,30,50,0,30,50,2022-11-08
2,000494,40,30,40,40,30,30,20,30,40,2022-11-08
2,000496,50,40,30,40,40,40,0,30,50,2022-11-08
2,000499,40,60,50,60,40,50,0,40,50,2022-11-08
2,000501,50,20,50,50,30,30,40,30,60,2022-11-08
2,000503,40,30,30,40,30,40,10,30,50,2022-11-08
2,000504,50,70,60,70,50,60,0,50,50,2022-11-08
2,000505,50,50,40,50,40,20,0,20,50,2022-11-08
2,000506,40,60,40,50,30,50,0,30,40,2022-11-08
2,000507,40,40,40,50,30,40,10,50,40,2022-11-08
2,000510,60,30,70,70,60,70,10,40,80,2022-11-08
2,000508,40,50,30,30,30,40,10,20,30,2022-11-08
2,000511,60,60,40,60,30,50,0,30,40,2022-11-08
2,000512,20,40,30,40,30,40,10,30,40,2022-11-08
2,000513,60,40,30,50,20,20,0,20,40,2022-11-08
2,000515,50,30,50,50,30,30,40,20,40,2022-11-08
2,000516,40,50,30,40,30,50,0,30,50,2022-11-08
2,000517,30,30,30,30,30,20,20,20,40,2022-11-08
2,000518,40,40,40,40,20,40,0,30,50,2022-11-08
2,000519,30,40,50,50,40,40,20,30,50,2022-11-08
2,000520,40,40,30,40,20,20,0,20,40,2022-11-08
2,000524,40,40,50,60,20,40,10,20,50,2022-11-08
2,000525,50,50,60,60,20,40,10,20,60,2022-11-08
2,000527,50,70,40,70,30,60,20,30,70,2022-11-08
2,000528,40,30,50,40,30,30,40,30,60,2022-11-08
2,000529,30,40,60,60,50,60,0,60,40,2022-11-08
2,000530,40,60,30,50,20,30,10,30,60,2022-11-08
2,000531,40,50,40,40,40,40,0,30,50,2022-11-08
2,000534,50,30,40,40,30,40,30,40,50,2022-11-08
2,000535,40,50,40,60,40,30,10,40,40,2022-11-08
2,000536,30,50,70,60,50,50,0,50,60,2022-11-08
2,000537,60,40,20,40,30,30,10,30,40,2022-11-08
2,000538,40,50,40,50,40,30,10,30,30,2022-11-08
2,000540,50,60,60,50,40,40,0,20,50,2022-11-08
2,000543,50,40,60,50,40,20,10,30,70,2022-11-08
2,000544,60,60,50,70,50,50,10,30,60,2022-11-08
2,000547,40,70,60,60,30,50,0,40,60,2022-11-08
2,000584,50,30,60,50,50,20,30,30,60,2022-11-08
2,000549,40,10,60,60,40,20,70,30,70,2022-11-08
2,000551,50,50,40,30,30,40,0,30,30,2022-11-08
2,000557,30,60,70,60,50,40,10,50,70,2022-11-08
2,000559,40,40,40,50,50,60,0,30,70,2022-11-08
2,000561,50,30,50,60,40,30,50,30,50,2022-11-08
2,000563,40,60,50,60,40,40,30,30,70,2022-11-08
2,000564,50,40,50,50,40,40,10,30,60,2022-11-08
2,000565,40,70,70,60,40,30,0,50,60,2022-11-08
2,000569,50,60,70,40,40,40,0,30,50,2022-11-08
2,000575,40,50,60,40,30,30,0,20,70,2022-11-08
2,000578,50,40,70,50,40,50,10,50,50,2022-11-08
2,000579,40,50,50,40,30,30,0,30,70,2022-11-08
2,000580,30,50,50,40,30,30,0,30,60,2022-11-08
2,000581,40,50,60,50,40,50,0,40,70,2022-11-08
2,000548,50,40,50,40,30,30,10,30,50,2022-11-08
2,000617,50,40,40,50,40,30,40,40,60,2022-11-08
2,000618,50,40,60,60,40,30,10,40,70,2022-11-08
2,000619,60,60,50,50,40,40,0,30,70,2022-11-08
2,000622,40,60,30,40,20,30,0,30,30,2022-11-08
2,000627,50,40,40,50,40,40,0,50,50,2022-11-08
2,000628,50,70,40,60,30,30,0,30,60,2022-11-08
2,000629,60,40,60,40,30,20,70,40,60,2022-11-08
2,000606,40,60,50,40,30,30,0,40,50,2022-11-08
2,000632,50,40,50,50,40,30,0,40,60,2022-11-08
2,000633,40,30,70,50,40,30,30,30,80,2022-11-08
2,000638,50,40,60,50,40,40,0,50,40,2022-11-08
2,000639,30,50,60,50,30,40,0,50,50,2022-11-08
2,000640,50,30,50,40,40,30,0,20,50,2022-11-08
2,000645,30,40,70,40,30,30,0,40,70,2022-11-08
2,000648,40,70,50,50,30,30,0,20,50,2022-11-08
2,000649,40,30,40,30,30,20,0,20,40,2022-11-08
2,000650,40,40,30,40,20,30,0,30,50,2022-11-08
2,000652,30,40,50,40,30,30,0,50,60,2022-11-08
2,000654,40,30,60,50,30,20,50,30,60,2022-11-08
2,000655,30,50,60,40,30,40,0,30,70,2022-11-08
3,000005,20,20,50,30,20,40,40,20,40,2022-11-08
3,000006,30,30,30,40,30,30,10,30,100,2022-11-08
3,000010,30,40,30,50,20,20,10,40,40,2022-11-08
3,000011,30,40,40,30,20,30,0,10,30,2022-11-08
3,000426,30,20,50,30,30,40,10,40,40,2022-11-08
3,000428,10,40,50,40,30,30,0,40,40,2022-11-08
3,000427,40,50,30,40,30,20,10,20,30,2022-11-08
3,000430,30,50,30,30,20,40,0,20,50,2022-11-08
3,000431,40,40,30,60,20,30,0,30,60,2022-11-08
3,000432,20,20,30,20,30,30,0,30,30,2022-11-08
3,000434,20,30,50,40,20,30,30,20,40,2022-11-08
3,000435,40,30,30,30,20,20,10,30,50,2022-11-08
3,000436,20,20,30,30,30,10,0,30,40,2022-11-08
3,000438,30,20,40,50,40,20,0,30,30,2022-11-08
3,000439,40,20,40,30,20,30,10,50,50,2022-11-08
3,000441,40,50,30,40,20,20,10,10,20,2022-11-08
3,000444,40,40,40,40,30,20,20,20,50,2022-11-08
3,000445,30,50,40,50,30,50,0,20,30,2022-11-08
3,000447,40,30,40,40,30,30,0,20,30,2022-11-08
3,000450,20,30,30,30,20,40,0,10,20,2022-11-08
3,000451,50,50,40,50,40,40,0,30,40,2022-11-08
3,000452,40,50,50,40,30,40,0,30,50,2022-11-08
3,000473,50,60,70,50,30,20,0,30,50,2022-11-08
3,000474,50,40,60,40,40,30,0,40,70,2022-11-08
3,000475,40,50,60,50,40,30,0,40,50,2022-11-08
3,000476,40,50,50,60,30,50,0,30,40,2022-11-08
3,000477,40,50,50,40,30,30,0,30,60,2022-11-08
3,000478,50,30,50,60,30,40,50,30,60,2022-11-08
3,000479,40,60,40,50,40,50,0,40,40,2022-11-08
3,000480,60,40,60,50,30,30,0,40,60,2022-11-08
3,000481,30,50,60,50,30,40,10,30,50,2022-11-08
3,000484,40,30,60,50,20,40,0,30,50,2022-11-08
3,000488,50,20,40,40,20,30,40,20,50,2022-11-08
3,000489,30,40,50,30,30,30,0,30,40,2022-11-08
3,000490,20,50,50,40,30,20,0,40,40,2022-11-08
3,000491,40,40,50,30,20,30,0,30,50,2022-11-08
3,000492,40,50,60,40,20,30,0,40,50,2022-11-08
3,000493,50,30,50,40,20,30,0,40,40,2022-11-08
3,000494,40,40,50,40,30,30,0,40,50,2022-11-08
3,000496,40,60,50,50,40,40,0,40,50,2022-11-08
3,000499,30,30,40,40,30,40,0,30,40,2022-11-08
3,000501,40,20,50,50,30,20,40,30,70,2022-11-08
3,000503,40,30,40,40,30,30,10,40,50,2022-11-08
3,000504,50,50,40,50,40,40,0,40,50,2022-11-08
3,000505,40,50,40,50,40,30,0,30,60,2022-11-08
3,000506,30,50,40,40,30,40,0,30,50,2022-11-08
3,000507,50,40,50,50,30,40,10,40,50,2022-11-08
3,000510,50,30,60,70,40,60,10,30,80,2022-11-08
3,000508,40,50,30,40,20,40,0,30,30,2022-11-08
3,000511,40,60,30,50,20,50,0,30,40,2022-11-08
3,000512,40,30,40,50,30,50,10,40,50,2022-11-08
3,000513,40,70,30,40,30,40,10,40,40,2022-11-08
3,000515,50,30,40,50,30,20,60,30,60,2022-11-08
3,000516,40,60,30,50,30,40,10,30,50,2022-11-08
3,000517,40,30,20,30,20,30,20,30,40,2022-11-08
3,000518,40,50,40,60,40,50,0,40,50,2022-11-08
3,000519,40,40,40,50,30,30,30,30,50,2022-11-08
3,000520,40,60,30,40,30,40,0,30,50,2022-11-08
3,000524,40,50,60,60,40,50,0,40,60,2022-11-08
3,000525,50,40,40,40,30,30,10,30,40,2022-11-08
3,000527,40,50,50,50,30,40,20,20,60,2022-11-08
3,000528,40,40,50,50,30,40,30,40,50,2022-11-08
3,000529,40,50,50,60,40,50,0,50,40,2022-11-08
3,000530,40,60,30,50,20,50,0,30,50,2022-11-08
3,000531,40,50,30,50,30,50,0,30,50,2022-11-08
3,000534,50,40,30,30,40,30,20,30,50,2022-11-08
3,000535,40,50,30,50,30,30,10,40,50,2022-11-08
3,000536,30,50,60,50,40,40,0,40,60,2022-11-08
3,000537,50,50,20,50,30,40,0,30,40,2022-11-08
3,000538,40,50,40,40,30,30,0,40,40,2022-11-08
3,000540,50,40,50,50,20,40,0,20,50,2022-11-08
3,000543,40,50,70,60,40,30,0,30,70,2022-11-08
3,000544,40,40,60,50,30,40,0,30,50,2022-11-08
3,000547,30,70,70,70,40,60,0,30,70,2022-11-08
3,000584,60,30,60,60,50,30,40,30,60,2022-11-08
3,000549,40,20,50,40,40,30,60,20,70,2022-11-08
3,000551,30,60,50,40,30,30,0,30,40,2022-11-08
3,000557,40,50,70,60,30,40,0,30,70,2022-11-08
3,000559,60,30,40,60,50,50,0,30,70,2022-11-08
3,000561,40,50,60,50,40,40,30,30,50,2022-11-08
3,000563,30,60,60,70,40,50,40,30,70,2022-11-08
3,000564,40,70,50,60,30,40,0,30,60,2022-11-08
3,000565,40,40,80,70,40,30,0,50,50,2022-11-08
3,000569,60,50,70,50,30,30,0,40,40,2022-11-08
3,000575,60,40,60,40,30,20,0,30,70,2022-11-08
3,000578,30,40,40,40,30,40,0,30,40,2022-11-08
3,000579,20,60,70,50,40,40,0,40,70,2022-11-08
3,000580,40,50,50,40,40,30,0,20,50,2022-11-08
3,000581,40,50,80,60,30,30,0,20,80,2022-11-08
3,000548,40,50,70,50,30,40,0,30,60,2022-11-08
3,000586,40,50,50,40,40,40,0,40,40,2022-11-08
3,000588,50,40,30,30,20,20,10,10,50,2022-11-08
3,000590,40,20,50,50,40,30,70,30,70,2022-11-08
3,000591,50,30,30,40,40,40,0,40,40,2022-11-08
3,000595,20,30,50,50,40,30,0,60,60,2022-11-08
3,000598,50,20,50,50,20,20,30,30,60,2022-11-08
3,000605,50,30,30,60,30,30,40,20,70,2022-11-08
3,000606,50,50,60,50,40,40,0,40,60,2022-11-08
3,000607,50,60,30,40,30,30,0,30,30,2022-11-08
3,000611,40,60,30,30,30,30,0,10,30,2022-11-08
3,000617,50,50,60,60,30,30,40,30,60,2022-11-08
3,000618,60,40,70,70,40,40,0,50,70,2022-11-08
3,000619,40,70,60,40,30,40,0,20,80,2022-11-08
3,000622,50,40,30,40,40,30,0,40,40,2022-11-08
3,000627,40,30,50,40,40,40,0,30,40,2022-11-08
3,000628,60,70,50,60,30,30,0,30,50,2022-11-08
3,000629,70,30,60,30,30,20,90,40,70,2022-11-08
3,000632,40,40,50,40,30,40,0,30,50,2022-11-08
3,000633,60,40,80,50,30,20,50,20,80,2022-11-08
3,000638,40,40,60,40,30,40,10,40,40,2022-11-08
3,000639,40,40,50,50,30,40,0,40,50,2022-11-08
3,000640,40,40,40,30,30,30,0,30,40,2022-11-08
3,000645,40,40,60,50,30,30,0,40,60,2022-11-08
3,000648,30,80,30,40,20,30,0,20,40,2022-11-08
3,000649,50,40,40,40,30,30,0,30,40,2022-11-08
3,000650,40,60,30,40,40,20,0,30,60,2022-11-08
3,000652,40,40,60,50,40,40,0,50,60,2022-11-08
3,000654,40,30,60,50,30,30,50,30,60,2022-11-08
3,000655,50,50,50,40,30,40,0,30,50,2022-11-08
4,000434,20,40,40,50,30,30,20,20,30,2022-11-08
4,000435,30,50,20,40,30,20,0,20,40,2022-11-08
4,000436,40,30,20,40,30,30,0,30,40,2022-11-08
4,000438,30,30,40,30,20,30,0,20,30,2022-11-08
4,000439,50,40,40,60,20,30,0,70,60,2022-11-08
4,000441,30,50,20,40,20,20,0,30,40,2022-11-08
4,000444,40,40,30,50,20,20,10,30,60,2022-11-08
4,000445,40,60,30,60,30,50,0,40,40,2022-11-08
4,000447,40,50,30,40,30,20,0,30,50,2022-11-08
4,000450,40,60,30,40,20,30,0,20,50,2022-11-08
4,000451,40,40,40,40,30,40,0,30,40,2022-11-08
4,000452,40,30,40,40,30,30,0,30,40,2022-11-08
4,000473,50,40,50,50,40,30,0,40,50,2022-11-08
4,000474,60,40,60,50,40,30,0,30,60,2022-11-08
4,000475,50,50,40,40,30,30,0,30,40,2022-11-08
4,000476,40,50,30,40,30,40,0,30,40,2022-11-08
4,000477,40,50,40,40,30,30,0,30,40,2022-11-08
4,000478,50,30,50,50,40,30,50,30,50,2022-11-08
4,000479,40,60,40,40,30,40,0,40,40,2022-11-08
4,000480,40,50,40,50,30,40,0,40,50,2022-11-08
4,000481,40,40,50,40,20,40,0,20,40,2022-11-08
4,000484,30,30,50,40,30,30,0,40,40,2022-11-08
4,000488,40,30,50,40,20,40,20,30,40,2022-11-08
4,000489,40,40,40,40,40,30,10,30,40,2022-11-08
4,000490,30,40,40,40,30,30,0,40,40,2022-11-08
4,000491,30,40,40,30,30,30,10,30,40,2022-11-08
4,000492,30,40,40,30,30,20,0,30,40,2022-11-08
4,000493,30,30,40,30,30,30,0,30,40,2022-11-08
4,000494,30,40,30,40,30,20,0,30,40,2022-11-08
4,000496,30,50,40,50,40,30,0,40,50,2022-11-08
4,000499,30,30,40,30,30,40,0,30,30,2022-11-08
4,000501,30,30,50,50,30,30,50,30,40,2022-11-08
4,000503,30,20,40,20,20,30,0,30,30,2022-11-08
4,000504,30,40,50,50,30,40,0,50,50,2022-11-08
4,000505,30,60,20,30,20,20,0,20,30,2022-11-08
4,000506,30,40,40,30,30,30,0,40,30,2022-11-08
4,000507,40,50,40,40,30,30,0,30,40,2022-11-08
4,000510,40,40,50,50,40,50,0,50,70,2022-11-08
4,000508,30,30,30,20,20,30,0,20,20,2022-11-08
4,000511,30,40,40,30,20,30,0,20,40,2022-11-08
4,000512,30,40,50,40,30,40,10,40,40,2022-11-08
4,000513,40,70,30,30,20,30,0,20,30,2022-11-08
4,000515,30,20,30,40,30,10,50,20,50,2022-11-08
4,000516,40,50,20,30,20,20,0,20,50,2022-11-08
4,000517,30,20,20,20,20,20,20,20,30,2022-11-08
4,000518,50,40,40,40,20,30,0,40,40,2022-11-08
4,000519,40,40,50,40,20,30,40,20,50,2022-11-08
4,000520,50,60,30,30,30,30,0,20,60,2022-11-08
4,000524,30,50,40,50,20,30,0,30,50,2022-11-08
4,000525,30,40,40,50,20,20,0,40,50,2022-11-08
4,000540,40,50,50,50,30,50,0,30,60,2022-11-08
4,000543,40,40,50,50,30,30,0,40,60,2022-11-08
4,000544,40,50,40,50,40,50,10,40,50,2022-11-08
4,000547,40,70,50,60,40,50,0,40,60,2022-11-08
4,000584,50,40,50,50,50,30,30,40,50,2022-11-08
4,000549,40,30,50,60,30,30,60,40,60,2022-11-08
4,000551,40,50,40,40,30,40,0,30,40,2022-11-08
4,000557,40,60,60,50,40,50,0,50,60,2022-11-08
4,000559,40,50,40,50,40,60,0,40,60,2022-11-08
4,000561,40,40,40,50,30,30,40,40,50,2022-11-08
4,000586,30,70,50,50,40,50,0,40,60,2022-11-08
4,000588,40,40,30,40,30,40,0,30,40,2022-11-08
4,000590,50,30,30,60,30,30,60,30,60,2022-11-08
4,000591,50,40,30,40,30,40,0,30,40,2022-11-08
4,000595,40,40,50,60,40,40,0,60,70,2022-11-08
4,000598,40,30,40,50,30,20,20,30,50,2022-11-08
4,000605,60,30,30,50,30,20,50,30,60,2022-11-08
4,000606,40,50,40,50,40,40,10,50,50,2022-11-08
4,000607,40,60,30,40,30,20,0,30,30,2022-11-08
4,000611,40,70,30,50,30,50,0,30,50,2022-11-08
4,000638,30,30,40,30,30,30,10,30,30,2022-11-08
4,000639,30,40,50,40,40,30,0,40,40,2022-11-08
4,000640,30,40,30,30,30,40,0,40,40,2022-11-08
4,000645,40,30,50,50,40,30,0,50,50,2022-11-08
4,000648,40,70,30,40,20,30,0,20,40,2022-11-08
4,000649,50,40,40,40,30,20,0,30,40,2022-11-08
4,000650,30,40,40,30,40,20,0,40,40,2022-11-08
4,000652,50,30,50,40,30,30,0,30,50,2022-11-08
4,000654,20,50,40,40,20,10,40,20,50,2022-11-08
4,000655,50,40,60,40,30,50,0,30,50,2022-11-08
1,000011,30,60,60,70,50,50,10,50,70,2022-10-22
1,000354,40,60,70,60,50,60,0,50,50,2022-10-22
1,000356,50,40,70,60,50,50,0,30,60,2022-10-22
1,000357,50,30,50,50,20,30,60,40,70,2022-10-22
1,000361,20,70,60,70,40,60,0,40,80,2022-10-22
1,000362,40,50,50,50,40,40,0,50,50,2022-10-22
1,000365,30,40,50,40,40,40,20,30,50,2022-10-22
1,000367,50,30,70,50,60,60,0,40,50,2022-10-22
1,000369,50,30,50,60,30,40,50,50,60,2022-10-22
1,000371,40,40,60,80,30,30,30,30,70,2022-10-22
1,000373,30,60,70,60,50,40,0,50,70,2022-10-22
1,000375,50,30,70,40,20,30,50,30,60,2022-10-22
1,000376,30,60,60,50,40,50,0,40,50,2022-10-22
1,000377,40,40,70,70,30,40,10,40,80,2022-10-22
1,000378,40,50,70,50,30,30,0,40,60,2022-10-22
1,000379,30,50,50,40,30,30,0,30,40,2022-10-22
1,000382,40,50,60,50,50,50,0,40,50,2022-10-22
1,000384,60,40,50,50,30,40,70,50,60,2022-10-22
1,000386,30,70,70,60,60,60,0,50,70,2022-10-22
1,000387,70,60,50,60,30,50,0,20,50,2022-10-22
1,000388,30,60,50,60,50,50,0,40,50,2022-10-22
1,000389,40,30,50,40,30,40,0,40,50,2022-10-22
1,000390,50,30,60,40,30,30,0,40,50,2022-10-22
1,000393,50,30,60,60,30,30,60,40,60,2022-10-22
1,000394,40,50,70,30,30,40,0,40,70,2022-10-22
1,000396,40,60,60,70,50,50,0,50,70,2022-10-22
1,000398,40,40,70,50,40,40,0,50,70,2022-10-22
1,000401,50,30,50,50,20,30,50,30,50,2022-10-22
1,000402,30,70,60,60,40,40,0,30,60,2022-10-22
1,000403,40,50,60,50,30,40,0,40,60,2022-10-22
1,000404,40,60,60,50,40,50,0,40,50,2022-10-22
1,000405,30,50,40,40,40,40,0,30,40,2022-10-22
1,000406,60,30,50,60,30,40,60,50,60,2022-10-22
1,000407,30,50,60,50,50,50,10,50,60,2022-10-22
1,000408,50,60,60,50,50,40,0,40,50,2022-10-22
1,000410,30,70,70,70,50,50,0,30,70,2022-10-22
1,000411,60,60,40,70,60,60,0,50,50,2022-10-22
1,000412,30,50,70,60,50,60,10,50,60,2022-10-22
1,000413,70,60,40,70,60,60,0,40,50,2022-10-22
1,000414,50,60,60,40,40,40,10,50,50,2022-10-22
1,000415,30,40,40,30,30,30,20,40,50,2022-10-22
1,000416,40,60,40,60,40,40,0,50,50,2022-10-22
1,000418,50,30,60,50,40,30,30,30,50,2022-10-22
1,000419,40,50,60,50,30,30,10,40,50,2022-10-22
1,000420,50,50,50,50,50,50,0,20,70,2022-10-22
1,000421,60,60,50,60,40,40,0,20,40,2022-10-22
1,000423,30,60,40,40,50,40,0,40,40,2022-10-22
1,000424,40,50,50,30,40,40,0,40,50,2022-10-22
1,000425,30,40,60,60,50,60,0,40,60,2022-10-22
1,000383,50,30,50,60,30,40,60,30,60,2022-10-22
2,000011,30,60,60,80,30,40,20,40,50,2022-10-22
2,000354,40,50,70,70,50,60,10,40,50,2022-10-22
2,000356,60,60,60,70,40,50,0,40,60,2022-10-22
2,000357,40,20,60,40,30,30,80,30,80,2022-10-22
2,000361,30,80,60,80,50,70,10,50,70,2022-10-22
2,000362,40,50,40,40,30,30,10,40,60,2022-10-22
2,000365,30,30,40,30,40,30,20,30,40,2022-10-22
2,000367,30,30,60,40,60,70,0,50,40,2022-10-22
2,000369,50,30,70,50,30,20,50,40,70,2022-10-22
2,000371,40,20,60,80,50,10,40,30,70,2022-10-22
2,000373,20,60,80,50,50,50,0,40,80,2022-10-22
2,000375,50,30,60,40,30,20,40,30,50,2022-10-22
2,000376,50,70,50,70,50,50,0,60,40,2022-10-22
2,000377,50,40,80,60,40,30,10,30,80,2022-10-22
2,000378,40,50,70,50,50,40,10,50,50,2022-10-22
2,000379,40,40,40,30,40,30,0,20,30,2022-10-22
2,000382,50,40,70,40,50,40,10,50,30,2022-10-22
2,000384,50,20,50,40,40,30,80,30,40,2022-10-22
2,000386,40,60,80,60,70,50,10,50,70,2022-10-22
2,000387,70,50,40,50,30,70,10,20,40,2022-10-22
2,000388,30,60,50,50,40,50,10,50,40,2022-10-22
2,000389,40,40,50,30,40,50,0,40,50,2022-10-22
2,000390,40,30,50,30,40,30,10,30,40,2022-10-22
2,000393,50,30,70,50,30,30,70,30,70,2022-10-22
2,000394,40,50,70,40,40,50,10,40,60,2022-10-22
2,000396,40,70,60,70,40,60,0,50,60,2022-10-22
2,000398,30,40,70,40,40,50,0,40,70,2022-10-22
2,000401,40,30,60,50,30,40,60,20,60,2022-10-22
2,000402,30,70,60,60,40,60,10,30,50,2022-10-22
2,000403,50,60,60,50,30,60,0,30,50,2022-10-22
2,000404,40,60,70,50,40,60,0,30,50,2022-10-22
2,000405,30,50,60,40,40,60,0,30,60,2022-10-22
2,000406,50,20,70,40,30,20,70,30,60,2022-10-22
2,000407,30,40,60,50,50,60,0,30,40,2022-10-22
2,000408,40,30,70,50,50,30,10,50,30,2022-10-22
2,000410,30,60,80,70,50,60,10,30,70,2022-10-22
2,000411,60,70,60,60,50,50,0,50,40,2022-10-22
2,000412,20,50,80,50,60,80,10,40,50,2022-10-22
2,000413,80,60,40,70,40,60,0,20,40,2022-10-22
2,000414,30,50,70,40,50,50,10,40,70,2022-10-22
2,000415,40,40,50,50,30,40,20,30,50,2022-10-22
2,000416,40,70,40,40,40,60,0,30,30,2022-10-22
2,000418,50,30,70,40,50,40,30,20,40,2022-10-22
2,000419,40,50,50,50,50,50,10,50,50,2022-10-22
2,000420,40,60,30,60,30,50,10,30,70,2022-10-22
2,000421,60,60,40,60,40,50,10,20,30,2022-10-22
2,000423,40,80,30,40,50,50,10,40,40,2022-10-22
2,000424,30,40,50,40,50,40,10,50,40,2022-10-22
2,000425,40,50,70,60,40,50,0,50,40,2022-10-22
2,000383,50,20,60,60,40,30,70,20,60,2022-10-22
3,000011,50,40,60,70,40,30,20,30,60,2022-10-22
3,000354,40,50,60,60,50,60,0,30,60,2022-10-22
3,000356,60,40,70,50,40,50,0,20,60,2022-10-22
3,000357,50,20,60,40,30,40,70,30,80,2022-10-22
3,000361,30,70,70,60,50,40,0,40,60,2022-10-22
3,000362,40,40,60,50,40,40,0,30,50,2022-10-22
3,000365,40,40,40,40,30,30,20,30,40,2022-10-22
3,000367,50,30,60,50,50,60,0,30,60,2022-10-22
3,000369,40,50,60,60,40,30,50,30,60,2022-10-22
3,000371,50,40,70,70,40,30,30,40,70,2022-10-22
3,000373,20,60,70,70,40,50,0,40,70,2022-10-22
3,000375,50,30,50,40,40,30,50,10,60,2022-10-22
3,000376,40,70,50,60,40,60,0,40,50,2022-10-22
3,000377,50,40,80,50,40,30,10,30,70,2022-10-22
3,000378,40,50,70,60,40,40,0,40,60,2022-10-22
3,000379,30,50,50,40,30,40,0,30,50,2022-10-22
3,000382,50,30,60,40,60,50,0,40,40,2022-10-22
3,000384,50,40,50,40,30,40,80,40,50,2022-10-22
3,000386,40,50,80,60,70,60,0,30,50,2022-10-22
3,000387,50,60,30,40,40,60,0,20,40,2022-10-22
3,000388,40,60,50,60,40,40,0,40,60,2022-10-22
3,000389,30,30,50,30,30,40,0,20,40,2022-10-22
3,000390,50,50,50,50,30,30,20,30,50,2022-10-22
3,000393,30,40,60,40,30,40,60,30,60,2022-10-22
3,000394,30,50,70,40,40,50,0,40,60,2022-10-22
3,000396,30,60,70,50,40,50,0,40,60,2022-10-22
3,000398,30,60,70,50,30,30,0,30,80,2022-10-22
3,000401,30,30,50,60,40,40,50,20,60,2022-10-22
3,000402,20,60,70,60,40,40,10,30,60,2022-10-22
3,000403,30,60,40,50,40,40,0,30,50,2022-10-22
3,000404,30,80,60,60,30,50,0,30,60,2022-10-22
3,000405,30,50,70,40,40,40,0,40,60,2022-10-22
3,000406,50,30,40,50,50,30,70,30,60,2022-10-22
3,000407,40,40,60,40,30,40,10,40,60,2022-10-22
3,000408,20,40,70,50,40,40,0,40,50,2022-10-22
3,000410,20,60,70,60,40,40,10,30,70,2022-10-22
3,000411,40,50,60,40,40,50,10,40,50,2022-10-22
3,000412,30,50,60,50,50,60,0,40,60,2022-10-22
3,000413,70,50,30,60,40,70,0,40,40,2022-10-22
3,000414,50,60,50,50,60,40,20,40,60,2022-10-22
3,000415,30,60,60,50,40,50,20,20,70,2022-10-22
3,000416,40,70,50,60,40,60,0,30,40,2022-10-22
3,000418,40,30,70,40,30,40,20,40,50,2022-10-22
3,000419,40,60,60,40,30,40,0,40,40,2022-10-22
3,000420,30,60,40,50,50,50,0,30,70,2022-10-22
3,000421,40,40,50,40,70,60,0,30,30,2022-10-22
3,000423,70,50,40,60,50,40,0,20,40,2022-10-22
3,000424,30,50,40,50,30,40,0,50,50,2022-10-22
3,000425,40,50,60,70,40,60,0,40,50,2022-10-22
3,000383,40,20,50,50,30,30,70,30,70,2022-10-22
4,000415,30,40,50,40,40,40,10,20,60,2022-10-22
4,000416,50,70,30,50,30,40,0,40,40,2022-10-22
4,000418,40,30,50,30,40,30,20,30,30,2022-10-22
4,000419,40,70,50,50,40,40,20,50,50,2022-10-22
4,000420,50,70,40,60,30,40,10,40,60,2022-10-22
4,000421,50,60,30,50,30,40,10,30,40,2022-10-22
4,000423,40,70,20,40,40,40,0,30,40,2022-10-22
4,000424,40,40,40,40,30,30,10,30,30,2022-10-22
4,000425,40,50,60,50,40,50,10,50,40,2022-10-22
4,000383,40,20,50,60,40,40,60,40,60,2022-10-22
1,000395,20,40,50,40,30,50,0,50,40,2022-10-17
1,000400,30,20,40,40,20,40,60,20,60,2022-10-17
1,000429,20,30,30,20,30,40,0,30,40,2022-10-17
1,000437,30,20,50,30,30,30,50,20,40,2022-10-17
1,000453,20,50,40,60,40,50,0,60,50,2022-10-17
1,000552,20,60,50,50,50,60,0,50,60,2022-10-17
1,000558,10,30,30,30,20,30,0,30,50,2022-10-17
1,000566,30,40,50,40,40,40,10,50,60,2022-10-17
1,000568,30,30,40,40,50,40,40,40,50,2022-10-17
1,000570,20,30,40,40,40,30,50,30,50,2022-10-17
1,000572,40,70,70,70,60,60,0,70,80,2022-10-17
1,000573,30,30,40,30,20,40,50,30,40,2022-10-17
1,000574,30,50,40,50,20,40,10,30,50,2022-10-17
1,000576,20,40,50,40,20,40,0,40,50,2022-10-17
1,000577,30,50,50,50,40,50,10,50,40,2022-10-17
1,000582,30,50,50,50,20,20,0,30,50,2022-10-17
1,000587,30,50,60,30,30,40,0,30,50,2022-10-17
1,000593,30,50,50,50,20,30,0,40,50,2022-10-17
1,000594,40,60,50,40,30,40,0,50,70,2022-10-17
1,000596,10,30,50,50,20,20,50,20,60,2022-10-17
1,000600,40,50,60,60,30,40,0,50,70,2022-10-17
1,000603,30,40,40,50,30,40,60,40,60,2022-10-17
1,000610,30,50,50,60,40,40,10,40,40,2022-10-17
1,000613,30,30,40,30,30,30,0,40,50,2022-10-17
1,000614,30,40,50,40,30,30,10,40,50,2022-10-17
1,000616,40,30,50,50,20,30,70,30,50,2022-10-17
1,000623,50,60,70,50,30,30,0,30,70,2022-10-17
1,000626,30,60,50,50,30,40,0,40,40,2022-10-17
1,000634,50,60,50,30,30,30,0,30,40,2022-10-17
1,000635,50,40,40,50,30,30,0,40,40,2022-10-17
1,000636,40,50,50,60,40,40,0,60,60,2022-10-17
1,000642,50,40,60,70,40,50,0,60,70,2022-10-17
1,000643,40,30,50,60,40,40,30,50,60,2022-10-17
1,000646,40,60,60,70,50,40,50,50,70,2022-10-17
1,000651,30,50,40,60,40,50,10,40,40,2022-10-17
1,000653,40,60,50,60,30,40,0,30,50,2022-10-17
1,000659,40,30,60,40,40,30,70,30,60,2022-10-17
1,000699,50,50,50,70,40,50,0,60,70,2022-10-17
1,000910,50,50,60,70,40,40,40,60,80,2022-10-17
1,000912,40,60,60,50,40,50,20,50,60,2022-10-17
1,000915,60,60,60,60,50,50,0,60,70,2022-10-17
1,000917,20,40,70,60,30,40,0,50,50,2022-10-17
1,000920,40,30,50,40,30,40,30,40,60,2022-10-17
1,000922,30,50,60,50,40,40,10,30,60,2022-10-17
1,000925,30,40,50,30,30,30,0,30,50,2022-10-17
1,000926,50,40,50,60,40,40,50,40,60,2022-10-17
1,000927,30,50,60,60,30,50,0,40,80,2022-10-17
1,000929,20,70,50,50,20,30,0,40,40,2022-10-17
1,000930,20,20,60,70,30,70,0,40,60,2022-10-17
1,000933,40,30,50,50,20,30,30,40,50,2022-10-17
2,000395,20,60,50,40,30,40,20,60,40,2022-10-17
2,000400,10,20,50,40,30,10,80,30,70,2022-10-17
2,000429,40,50,30,40,40,50,10,40,40,2022-10-17
2,000437,30,20,40,30,40,10,70,20,60,2022-10-17
2,000453,30,70,30,60,30,50,10,40,30,2022-10-17
2,000552,30,50,50,50,60,40,10,50,60,2022-10-17
2,000558,20,30,30,20,30,50,10,30,70,2022-10-17
2,000566,20,30,40,20,30,20,20,40,50,2022-10-17
2,000568,30,20,40,40,40,30,50,40,50,2022-10-17
2,000570,20,20,40,30,40,20,60,30,40,2022-10-17
2,000572,30,70,60,70,60,60,10,60,70,2022-10-17
2,000573,30,20,40,30,20,20,70,30,40,2022-10-17
2,000574,20,70,20,40,20,50,30,40,50,2022-10-17
2,000576,30,30,30,30,30,40,20,30,40,2022-10-17
2,000577,20,60,50,30,40,40,10,40,40,2022-10-17
2,000582,40,50,40,50,30,40,20,30,50,2022-10-17
2,000587,30,40,60,30,40,40,10,40,50,2022-10-17
2,000593,20,40,30,40,40,30,10,30,30,2022-10-17
2,000594,30,40,60,30,30,40,10,50,60,2022-10-17
2,000596,20,20,50,40,20,30,80,10,50,2022-10-17
2,000600,50,30,50,60,40,50,10,50,70,2022-10-17
2,000603,20,30,40,50,40,20,70,30,60,2022-10-17
2,000610,30,60,40,50,40,60,10,40,30,2022-10-17
2,000613,40,30,30,30,30,30,10,20,40,2022-10-17
2,000614,50,50,40,60,30,50,10,40,50,2022-10-17
2,000616,30,20,50,40,30,30,70,20,50,2022-10-17
2,000623,40,50,60,40,40,50,10,40,60,2022-10-17
2,000626,30,40,30,30,20,30,10,40,30,2022-10-17
2,000634,50,70,40,40,30,40,20,20,30,2022-10-17
2,000635,40,60,40,50,40,50,10,20,40,2022-10-17
2,000636,40,40,50,40,40,40,10,50,50,2022-10-17
2,000642,30,60,70,60,40,70,10,50,60,2022-10-17
2,000643,40,50,50,60,50,50,20,40,40,2022-10-17
2,000646,50,50,60,70,50,40,60,50,60,2022-10-17
2,000651,40,40,30,40,40,30,20,30,40,2022-10-17
2,000653,40,60,50,60,40,30,10,30,50,2022-10-17
2,000659,50,20,50,30,30,20,70,20,70,2022-10-17
2,000699,40,50,50,60,40,30,10,50,60,2022-10-17
2,000910,30,40,50,50,50,40,60,40,80,2022-10-17
2,000912,60,70,40,50,40,60,10,30,60,2022-10-17
2,000915,60,70,50,60,40,60,10,40,70,2022-10-17
2,000917,40,30,60,40,40,30,10,50,50,2022-10-17
2,000920,60,50,50,60,30,30,30,50,60,2022-10-17
2,000922,50,40,70,40,30,40,10,30,40,2022-10-17
2,000925,30,60,50,30,30,30,10,30,70,2022-10-17
2,000926,60,30,50,60,40,20,40,30,70,2022-10-17
2,000927,40,60,70,50,30,60,10,30,80,2022-10-17
2,000929,20,70,50,40,30,40,0,40,30,2022-10-17
2,000930,20,30,60,70,50,80,0,40,60,2022-10-17
2,000933,40,50,60,40,30,30,20,30,40,2022-10-17
3,000395,20,30,50,50,40,50,20,70,50,2022-10-17
3,000400,10,30,40,20,30,30,80,10,60,2022-10-17
3,000429,30,40,30,30,50,40,0,40,50,2022-10-17
3,000437,40,40,30,50,50,30,70,0,40,2022-10-17
3,000453,30,60,40,70,30,50,0,40,40,2022-10-17
3,000552,30,60,70,70,40,40,10,50,80,2022-10-17
3,000558,30,40,40,40,40,40,0,50,70,2022-10-17
3,000566,20,30,60,30,30,20,10,50,50,2022-10-17
3,000568,40,30,40,60,30,30,60,40,50,2022-10-17
3,000570,30,20,30,30,30,40,60,30,50,2022-10-17
3,000572,20,50,70,60,50,50,0,60,60,2022-10-17
3,000573,20,40,30,30,30,40,70,20,40,2022-10-17
3,000574,40,60,20,60,40,50,10,20,60,2022-10-17
3,000576,40,50,30,30,30,20,20,20,30,2022-10-17
3,000577,20,40,40,40,30,30,0,40,50,2022-10-17
3,000582,40,70,50,60,30,40,10,30,60,2022-10-17
3,000587,20,40,70,30,30,40,0,40,50,2022-10-17
3,000593,30,60,40,50,30,20,0,30,40,2022-10-17
3,000594,30,50,50,30,20,30,10,50,60,2022-10-17
3,000596,20,30,40,40,30,20,70,10,60,2022-10-17
3,000600,40,40,50,60,30,30,0,60,60,2022-10-17
3,000603,30,40,50,60,30,30,70,30,70,2022-10-17
3,000610,30,40,40,40,30,40,0,50,30,2022-10-17
3,000613,40,50,50,40,40,40,10,40,50,2022-10-17
3,000614,30,60,50,50,30,40,0,30,50,2022-10-17
3,000616,50,40,30,40,30,20,60,20,50,2022-10-17
3,000623,30,60,60,40,30,30,0,30,60,2022-10-17
3,000626,30,60,40,40,30,30,0,40,40,2022-10-17
3,000634,30,80,40,40,20,50,0,20,30,2022-10-17
3,000635,50,40,50,40,20,40,0,30,50,2022-10-17
3,000636,30,50,50,40,40,30,0,40,50,2022-10-17
3,000642,40,40,80,60,20,50,0,70,70,2022-10-17
3,000643,40,30,50,50,50,30,20,40,40,2022-10-17
3,000646,50,40,50,60,30,30,70,50,70,2022-10-17
3,000651,40,60,50,70,40,60,0,50,50,2022-10-17
3,000653,20,70,60,60,20,40,0,40,40,2022-10-17
3,000659,40,20,50,30,20,20,70,20,70,2022-10-17
3,000699,60,50,60,60,20,40,0,40,60,2022-10-17
3,000910,50,40,70,60,40,50,50,50,80,2022-10-17
3,000912,40,70,60,60,30,40,10,50,70,2022-10-17
3,000915,60,60,50,50,30,40,0,50,60,2022-10-17
3,000917,20,40,70,40,40,30,0,40,50,2022-10-17
3,000920,40,30,50,30,40,30,50,20,40,2022-10-17
3,000922,50,30,80,60,20,40,10,20,50,2022-10-17
3,000925,40,50,50,50,30,30,0,30,50,2022-10-17
3,000926,40,30,40,40,30,20,40,20,60,2022-10-17
3,000927,40,70,60,70,40,50,0,40,80,2022-10-17
3,000929,20,60,30,40,30,50,0,40,30,2022-10-17
3,000930,10,30,60,70,30,70,0,40,60,2022-10-17
3,000933,40,30,50,60,30,30,40,30,60,2022-10-17
